start_time,end_time,p_error,pattern,cmk,threshold,pattern_name
2025-04-21 00:05:00,2025-04-21 00:05:59,"[[ 0.0551207   0.05511902  0.05635656  0.04391836  0.05635656  0.05013787
   0.05635656  0.06879667  0.0551207   0.0551207   0.05518788  0.0551207
   0.05517956  0.0551207   0.05534283  0.16997654  0.12021341  0.02691806
   0.10155461  0.01448203  0.05802103  0.05802103  0.05802103  0.07667847
   0.02691806  0.13265758  0.79882684 -0.09946108  0.94990324  2.32825046
  -0.28240308 -0.25750172  2.39127603  1.15509526 -0.5561137   0.79706207
  -0.55352686 -0.6501836   0.4533317  -2.76714234 -2.43731507 -0.7656813
  -1.42692324  0.57086079 -1.31809113 -1.97660066  2.14531694 -0.20803169
   0.10643657 -1.99469308 -0.73965038  0.08289853  0.08911451  0.0551207
   0.0551207   0.05520457  3.42742647 -0.77086092 -0.27328582 -0.0555969 ]]","[[ 0.00000000e+00 -5.41823433e-07  4.00591580e-04 ... -2.71074653e-01
  -1.06962380e-01 -3.59460414e-02]
 [ 5.41823433e-07  0.00000000e+00  4.01133403e-04 ... -2.71074131e-01
  -1.06961841e-01 -3.59454999e-02]
 [-4.00591580e-04 -4.01133403e-04  0.00000000e+00 ... -2.71460224e-01
  -1.07360665e-01 -3.63463712e-02]
 ...
 [ 2.71074653e-01  2.71074131e-01  2.71460224e-01 ...  0.00000000e+00
   1.66561987e-01  2.36299304e-01]
 [ 1.06962380e-01  1.06961841e-01  1.07360665e-01 ... -1.66561987e-01
   0.00000000e+00  7.11534320e-02]
 [ 3.59460414e-02  3.59454999e-02  3.63463712e-02 ... -2.36299304e-01
  -7.11534320e-02  0.00000000e+00]]",1.7762380326423548,2.8,noise
2025-04-21 00:06:00,2025-04-21 00:06:59,"[[ 0.08541884  0.08540962  0.07238646  0.08685661  0.0579141   0.079622
   0.06515028  0.10856515  0.08541884  0.08541884  0.08543874  0.08541884
   0.10438916  0.08541884  0.08782023  0.08553649  0.08541512  0.08544425
   0.13220375  0.13943836  0.13943836  0.11773455  0.08879299  0.02366737
   0.03090355  0.02366737  0.23298244 -1.90136817  0.70976164 -0.88369064
  -0.32497832 -0.9578492   3.26506723  0.04425425 -1.69294224  1.43658976
  -2.04121496  0.499939   -3.18953558 -2.12147064  0.4362248   0.08541884
   0.08541884  0.08820589  4.26188616 -0.78866907 -0.26045951 -0.04338595
   0.03620745  0.0579141   0.07238646  0.08685661  0.06515028  0.07238646
   0.079622    0.07238646  0.07238646  0.07238646  0.079622    0.079622  ]]","[[ 0.00000000e+00 -2.49485145e-06 -3.52460204e-03 ... -3.52460204e-03
  -1.56756488e-03 -1.56756488e-03]
 [ 2.49485145e-06  0.00000000e+00 -3.52210720e-03 ... -3.52210720e-03
  -1.56507003e-03 -1.56507003e-03]
 [ 3.52460204e-03  3.52210720e-03  0.00000000e+00 ...  0.00000000e+00
   1.95704257e-03  1.95704257e-03]
 ...
 [ 3.52460204e-03  3.52210720e-03  0.00000000e+00 ...  0.00000000e+00
   1.95704257e-03  1.95704257e-03]
 [ 1.56756488e-03  1.56507003e-03 -1.95704257e-03 ... -1.95704257e-03
   0.00000000e+00  0.00000000e+00]
 [ 1.56756488e-03  1.56507003e-03 -1.95704257e-03 ... -1.95704257e-03
   0.00000000e+00  0.00000000e+00]]",2.0593717356061836,2.8,noise
2025-04-21 00:18:00,2025-04-21 00:18:59,"[[ 6.57345133e-02  6.57258708e-02  1.75322494e+00  4.26358153e-01
  -1.53259720e-01 -5.81048987e-01 -3.21651191e+00 -1.49626936e+00
  -9.98637857e-01  2.43312128e+00  8.34034138e-01 -3.90624093e+00
   7.61048464e-01 -8.18639379e-01 -1.47665488e+00  1.39984719e+00
   2.48032624e+00  2.19762573e+00 -1.82328384e+00 -6.47574340e-01
   7.77236107e-01  6.57345133e-02  6.57345133e-02  6.57642779e-02
   6.57222132e-02  6.49747392e-02  6.54795273e-02 -2.31367834e-01
  -3.84501091e-02  1.33436000e-04  1.94241561e-02  3.87148762e-02
   3.87148762e-02  4.83612887e-02  5.80077012e-02  5.80077012e-02
   6.76520088e-02  5.80077012e-02  6.76520088e-02  6.76520088e-02
   5.80077012e-02  5.80077012e-02  5.80077012e-02  5.80077012e-02
   8.69385193e-02  4.83612887e-02  4.83612887e-02  1.15879862e-01
   2.90684638e-02  2.90684638e-02  9.65996655e-02  6.57345133e-02
   6.57345133e-02  6.57345133e-02  6.57345133e-02  6.57345133e-02
   6.57345133e-02  6.57345133e-02  6.57345133e-02  6.57345133e-02]]","[[ 0.00000000e+00 -2.79071990e-06  5.94080097e-01 ...  0.00000000e+00
   0.00000000e+00  0.00000000e+00]
 [ 2.79071990e-06  0.00000000e+00  5.94082342e-01 ...  2.79071990e-06
   2.79071990e-06  2.79071990e-06]
 [-5.94080097e-01 -5.94082342e-01  0.00000000e+00 ... -5.94080097e-01
  -5.94080097e-01 -5.94080097e-01]
 ...
 [ 0.00000000e+00 -2.79071990e-06  5.94080097e-01 ...  0.00000000e+00
   0.00000000e+00  0.00000000e+00]
 [ 0.00000000e+00 -2.79071990e-06  5.94080097e-01 ...  0.00000000e+00
   0.00000000e+00  0.00000000e+00]
 [ 0.00000000e+00 -2.79071990e-06  5.94080097e-01 ...  0.00000000e+00
   0.00000000e+00  0.00000000e+00]]",2.761219835360997,2.8,noise
2025-04-21 00:31:00,2025-04-21 00:31:59,"[[-0.03035255 -0.01160169 -0.01540582 -0.03096068 -0.03103114 -0.02989059
  -0.02958187 -0.14316137  1.6265962   0.57633635 -1.09871896  0.59041385
   2.64713827 -0.0819168   2.59080566 -4.49162018  1.36986006  0.11157171
  -0.50565509  0.13403449 -3.39264688 -0.45825928  0.60488242  2.51637951
  -0.90573669 -0.03035255 -0.03035255 -0.03146584 -0.02917153 -0.03089133
  -0.03055125 -0.03041765 -0.10132327 -0.06511772 -0.05063581 -0.04339439
  -0.02891375 -0.03615359 -0.03615359 -0.01443089 -0.04339439 -0.02891375
  -0.28958929 -0.04339439 -0.04339439 -0.03035255 -0.03035255 -0.03024762
  -0.03035255 -0.03010912 -0.03035255 -0.03018907 -0.01368289 -0.02092274
  -0.02092274  0.00803823 -0.05712671 -0.04988212 -0.04264544 -0.06436656]]","[[ 0.          0.00542916  0.00432709 ... -0.00564655 -0.00355518
  -0.00982911]
 [-0.00542916  0.         -0.00110208 ... -0.01107554 -0.00898425
  -0.01525786]
 [-0.00432709  0.00110208  0.         ... -0.00997352 -0.0078822
  -0.01415589]
 ...
 [ 0.00564655  0.01107554  0.00997352 ...  0.          0.00209139
  -0.00418267]
 [ 0.00355518  0.00898425  0.0078822  ... -0.00209139  0.
  -0.00627404]
 [ 0.00982911  0.01525786  0.01415589 ...  0.00418267  0.00627404
   0.        ]]",2.079087081343181,2.8,noise
2025-04-21 00:32:00,2025-04-21 00:32:59,"[[ 0.0673612   0.06736828 -1.64502691 -0.97818065  2.05120697  0.72915401
  -0.98318529  1.15229427  0.34247963  2.15619468 -1.39846155 -0.60490085
  -0.76141908 -3.0678137   0.69587863  0.6573781   0.03523706 -0.46953779
  -2.94624242 -0.75840347 -0.67385783 -1.6408696  -0.25733756  0.85391052
   4.12350962  0.44444862  0.67738493  0.04262168  0.10682232  0.0673612
   0.04229112  0.0673612   0.06899882  0.06696794  0.06711564  0.06725103
  -0.05006022  0.01414842  0.04166693  0.05084016  0.0600126   0.06918383
   0.06918383  0.0600126   0.06918383  0.03249369  0.0600126   0.0673612
   0.0673612   0.06745412  0.0673612   0.06749109  0.0673612   0.06765445
   0.3086255   0.05178891  0.07930662  0.02427321  0.07013338  0.05178891]]","[[ 0.00000000e+00  1.98646740e-06 -4.97290366e-01 ... -1.20922640e-02
   7.77343320e-04 -4.36804386e-03]
 [-1.98646740e-06  0.00000000e+00 -4.97292089e-01 ... -1.20942503e-02
   7.75356853e-04 -4.37003030e-03]
 [ 4.97290366e-01  4.97292089e-01  0.00000000e+00 ...  4.86762950e-01
   4.97964626e-01  4.93495976e-01]
 ...
 [ 1.20922640e-02  1.20942503e-02 -4.86762950e-01 ...  0.00000000e+00
   1.28695469e-02  7.72442417e-03]
 [-7.77343320e-04 -7.75356853e-04 -4.97964626e-01 ... -1.28695469e-02
   0.00000000e+00 -5.14537844e-03]
 [ 4.36804386e-03  4.37003030e-03 -4.93495976e-01 ... -7.72442417e-03
   5.14537844e-03  0.00000000e+00]]",2.62417273120277,2.8,noise
2025-04-22 00:06:00,2025-04-22 00:06:59,"[[-0.42207096 -0.42207096 -0.42207096 -0.42207096 -0.42207096 -0.42207096
  -0.42207096 -0.42207096 -0.42207096 -0.42207096 -0.42207096 -0.42207096
  -0.41666851 -0.42207096 -0.42180691 -0.38920142  0.21419205 -0.49694203
  -0.19524764 -0.45384484  0.21419205  0.36503925 -0.51849767 -0.38920142
  -0.15214576 -0.06595609  0.10645615 -0.08982118 -0.07859761 -0.28675396
   0.06565349 -0.71966296 -0.893033   -0.644263   -0.55106689 -1.04025966
  -0.31911145 -0.51688179 -0.37954853 -0.78648236  0.14122684 -0.35058254
   0.13422694  0.54384414  0.81779186  1.43428652  1.62169334  2.4595362
   2.79322762  3.85392803  3.98516032 -0.06595609 -0.08750233 -0.42207096
  -0.42207096 -0.42207096 -0.42207096 -0.42207096 -0.42207096 -0.42207096]]","[[0. 0. 0. ... 0. 0. 0.]
 [0. 0. 0. ... 0. 0. 0.]
 [0. 0. 0. ... 0. 0. 0.]
 ...
 [0. 0. 0. ... 0. 0. 0.]
 [0. 0. 0. ... 0. 0. 0.]
 [0. 0. 0. ... 0. 0. 0.]]",2.9691635408779016,4.0,drift
2025-04-22 00:07:00,2025-04-22 00:07:59,"[[-0.56834348 -0.56834348 -0.56834348 -0.56834348 -0.56834348 -0.56834348
  -0.56834348 -0.56834348 -0.56834348 -0.56834348 -0.56834348 -0.56834348
  -0.56834348 -0.56834348 -0.56834348 -0.56834348 -0.56828444 -0.3459049
  -0.53168446 -0.43879468 -0.42552534 -0.44542863 -0.48523523 -0.50513998
  -0.55822316 -0.50513998 -0.48523523 -0.44542863  1.04134848  1.31485844
   1.55031865  1.62916409  1.69823986  1.80487165  1.97043288  1.94326571
   2.11839283  2.14775032  2.06146297  2.06881277  1.96105597  1.75506685
  -0.56834348 -0.56968197 -0.56834348 -0.56834348 -0.56834348 -0.56834348
  -0.56834348 -0.56834348 -0.56834348 -0.56834348 -0.56834348 -0.56834348
  -0.56834348 -0.56834348 -0.56834348 -0.56834348 -0.56834348 -0.56834348]]","[[0. 0. 0. ... 0. 0. 0.]
 [0. 0. 0. ... 0. 0. 0.]
 [0. 0. 0. ... 0. 0. 0.]
 ...
 [0. 0. 0. ... 0. 0. 0.]
 [0. 0. 0. ... 0. 0. 0.]
 [0. 0. 0. ... 0. 0. 0.]]",0.7692792331387196,4.0,drift
2025-04-22 00:19:00,2025-04-22 00:19:59,"[[-0.67725694 -0.67722483 -0.53589158  1.17646916  1.08591919  1.08031306
   0.89449366  0.87959354  0.88457638  0.83259369  0.84653645  0.93513743
   1.02154818  1.01732316  1.22391262  1.20326273  1.46444801  1.62066044
   1.72449133  2.00538501  2.14503084  2.3843039   2.52469237 -0.67725694
  -0.67906814 -0.67725694 -0.67725694 -0.67725694 -0.67725694 -0.67725694
  -0.67725694 -0.67725694 -0.67725694 -0.67725694 -0.67725694 -0.67725694
  -0.67725694 -0.67725694 -0.67725694 -0.67725694 -0.67725694 -0.67725694
  -0.67725694 -0.67725694 -0.67725694 -0.67725694 -0.67725694 -0.67725694
  -0.67725694 -0.67725694 -0.67725694 -0.67725694 -0.67725694 -0.67725694
  -0.67725694 -0.67725694 -0.67725694 -0.67725694 -0.67725694 -0.67725694]]","[[ 0.          0.00041979  0.36948714 ...  0.          0.
   0.        ]
 [-0.00041979  0.          0.36909702 ... -0.00041979 -0.00041979
  -0.00041979]
 [-0.36948714 -0.36909702  0.         ... -0.36948714 -0.36948714
  -0.36948714]
 ...
 [ 0.          0.00041979  0.36948714 ...  0.          0.
   0.        ]
 [ 0.          0.00041979  0.36948714 ...  0.          0.
   0.        ]
 [ 0.          0.00041979  0.36948714 ...  0.          0.
   0.        ]]",0.5993105207280096,4.0,drift
2025-04-22 00:32:00,2025-04-22 00:32:59,"[[-0.7404565  -0.74044    -0.7404565  -0.73743075 -0.73978012 -0.73978079
   1.33466414  1.4297443   1.49601713  1.48922914  1.50302738  1.49002974
   1.51256328  1.48681231  1.43402509  1.36617959  1.30464855  1.36482526
   1.2640978   1.28708997  1.27967582  1.21309225  1.23718395  1.19611472
   1.2192539   1.27895104  1.36948888 -0.7404565  -0.7404565  -0.7404565
  -0.7404565  -0.7404565  -0.7404565  -0.7404565  -0.7404565  -0.7404565
  -0.7404565  -0.7404565  -0.7404565  -0.7404565  -0.7404565  -0.7404565
  -0.7404565  -0.7404565  -0.7404565  -0.7404565  -0.7404565  -0.7404565
  -0.7404565  -0.7404565  -0.7404565  -0.74044322 -0.74161084 -0.72907654
  -0.76355014 -0.66639821 -0.65699663 -0.69146886 -0.67893456 -0.67893456]]","[[ 0.00000000e+00  7.23436808e-05  0.00000000e+00 ...  1.55389202e-01
   1.85176225e-01  1.85176225e-01]
 [-7.23436808e-05  0.00000000e+00 -7.23436808e-05 ...  1.55317736e-01
   1.85105132e-01  1.85105132e-01]
 [ 0.00000000e+00  7.23436808e-05  0.00000000e+00 ...  1.55389202e-01
   1.85176225e-01  1.85176225e-01]
 ...
 [-1.55389202e-01 -1.55317736e-01 -1.55389202e-01 ...  0.00000000e+00
   3.02251529e-02  3.02251529e-02]
 [-1.85176225e-01 -1.85105132e-01 -1.85176225e-01 ... -3.02251529e-02
   0.00000000e+00  0.00000000e+00]
 [-1.85176225e-01 -1.85105132e-01 -1.85176225e-01 ... -3.02251529e-02
   0.00000000e+00  0.00000000e+00]]",0.2073319744477648,4.0,drift
2025-04-22 00:33:00,2025-04-22 00:33:59,"[[-0.8450681  -0.8450602  -0.83694288 -0.84311816 -0.77827611  1.22500621
   1.26237322  1.34102685  1.34726363  1.41131113  1.41638498  1.37021252
   1.3816789   1.35930734  1.31042609  1.31338275  1.32919136  1.26945772
   1.2094428   1.17191606  1.09318642  1.04234025  1.00508931  1.02890619
   0.98834572  0.97719469  0.88235848  0.89643497  0.87544916  0.85451969
  -0.80606517 -0.86473465 -0.8450681  -0.8450681  -0.8450681  -0.8450681
  -0.8450681  -0.8450681  -0.8450681  -0.8450681  -0.8450681  -0.8450681
  -0.8450681  -0.8450681  -0.8450681  -0.8450681  -0.8450681  -0.8450681
  -0.8450681  -0.8450681  -0.8450681  -0.8450681  -0.8450681  -0.8450681
  -0.8450681  -0.84505916 -0.84003086 -0.81224112 -0.78753868 -0.82150504]]","[[ 0.00000000e+00  3.74778642e-05  3.52288646e-02 ...  1.18321970e-01
   1.83018519e-01  9.01090039e-02]
 [-3.74778642e-05  0.00000000e+00  3.51914099e-02 ...  1.18284755e-01
   1.82981674e-01  9.00716784e-02]
 [-3.52288646e-02 -3.51914099e-02  0.00000000e+00 ...  8.32671325e-02
   1.48271084e-01  5.49675203e-02]
 ...
 [-1.18321970e-01 -1.18284755e-01 -8.32671325e-02 ...  0.00000000e+00
   6.54094171e-02 -2.83646120e-02]
 [-1.83018519e-01 -1.82981674e-01 -1.48271084e-01 ... -6.54094171e-02
   0.00000000e+00 -9.36869687e-02]
 [-9.01090039e-02 -9.00716784e-02 -5.49675203e-02 ...  2.83646120e-02
   9.36869687e-02  0.00000000e+00]]",0.1661013521448154,4.0,drift
2025-04-23 00:04:00,2025-04-23 00:04:59,"[[-0.56089176 -0.56089176 -0.56089176 -0.56089176 -0.56089176 -0.56089176
  -0.56089176 -0.56089176 -0.56089176 -0.56089176 -0.56083521 -0.56089176
  -0.56075368 -0.33783697 -0.4671199  -0.49943887 -0.537151   -0.51559953
  -0.60178894 -0.54792321 -0.55330813 -0.56408151 -0.55869659 -0.54253475
   1.85462686  1.8007576   1.77382355  1.77920848  1.81153098  1.82768929
   1.80614252  1.8492384   1.82230436  1.84385348  1.81153098  1.8384662
   1.7684351   1.77382355 -0.56089176 -0.56582687 -0.56089176 -0.56089176
  -0.56089176 -0.56089176 -0.56089176 -0.56089176 -0.56089176 -0.56089176
  -0.56089176 -0.56089176 -0.56089176 -0.56089176 -0.56089176 -0.56089176
  -0.56089176 -0.56089176 -0.56089176 -0.56089176 -0.56089176 -0.56089176]]","[[0. 0. 0. ... 0. 0. 0.]
 [0. 0. 0. ... 0. 0. 0.]
 [0. 0. 0. ... 0. 0. 0.]
 ...
 [0. 0. 0. ... 0. 0. 0.]
 [0. 0. 0. ... 0. 0. 0.]
 [0. 0. 0. ... 0. 0. 0.]]",0.5927226902938765,2.8,shift
2025-04-23 00:07:00,2025-04-23 00:07:59,"[[-0.85599332 -0.85599332 -0.85599332 -0.85599332 -0.85599332 -0.85599332
  -0.85599332 -0.85599332 -0.85599332 -0.85599332 -0.85599332 -0.85599332
  -0.85599332 -0.85599332 -0.85599332 -0.8558793  -0.85599332 -0.85592579
  -0.75671218 -0.83091413 -0.81699993 -0.85410344 -0.82163699 -0.85410344
  -0.80772583 -0.80772583 -0.82627809 -0.85873948  1.23287188  1.17258007
   1.16794403  1.19112929  1.17258007  1.21432164  1.19576938  1.20968358
   1.16330495  1.19112929  1.16330495  1.16794403  1.18185519  1.16794403
   1.16794403  1.18649426  1.18185519  1.19576938  1.16330495  1.18649426
   1.16794403  1.16794403  1.18185519  1.19576938  1.18649426 -0.80308675
  -0.84482832 -0.85599332 -0.85970536 -0.85599332 -0.85599332 -0.85599332]]","[[0. 0. 0. ... 0. 0. 0.]
 [0. 0. 0. ... 0. 0. 0.]
 [0. 0. 0. ... 0. 0. 0.]
 ...
 [0. 0. 0. ... 0. 0. 0.]
 [0. 0. 0. ... 0. 0. 0.]
 [0. 0. 0. ... 0. 0. 0.]]",0.3869644813114318,2.8,shift
2025-04-23 00:20:00,2025-04-23 00:20:59,"[[-0.73369136 -0.7336955  -0.73651091  1.34433865  1.33957351  1.35862368
   1.3824286   1.37290872  1.36814357  1.37290872  1.36338883  1.35385854
   1.34433865  1.36814357  1.36814357  1.3824286   1.3919589   1.38719375
   1.3824286   1.36338883  1.3491038   1.33957351  1.34433865  1.33957351
  -0.73369136 -0.73369136 -0.73369136 -0.73369136 -0.73369136 -0.73369136
  -0.73369136 -0.73369136 -0.73369136 -0.73369136 -0.73369136 -0.73369136
  -0.73369136 -0.73369136 -0.73369136 -0.73369136 -0.73369136 -0.73369136
  -0.73369136 -0.73369136 -0.73369136 -0.73369136 -0.73369136 -0.73369136
  -0.73369136 -0.73369136 -0.73369136 -0.73369136 -0.73369136 -0.73369136
  -0.73369136 -0.73369136 -0.73369136 -0.73369136 -0.73369136 -0.73369136]]","[[ 0.00000000e+00 -5.35339226e-05 -7.27442040e-02 ...  0.00000000e+00
   0.00000000e+00  0.00000000e+00]
 [ 5.35339226e-05  0.00000000e+00 -7.26908118e-02 ...  5.35339226e-05
   5.35339226e-05  5.35339226e-05]
 [ 7.27442040e-02  7.26908118e-02  0.00000000e+00 ...  7.27442040e-02
   7.27442040e-02  7.27442040e-02]
 ...
 [ 0.00000000e+00 -5.35339226e-05 -7.27442040e-02 ...  0.00000000e+00
   0.00000000e+00  0.00000000e+00]
 [ 0.00000000e+00 -5.35339226e-05 -7.27442040e-02 ...  0.00000000e+00
   0.00000000e+00  0.00000000e+00]
 [ 0.00000000e+00 -5.35339226e-05 -7.27442040e-02 ...  0.00000000e+00
   0.00000000e+00  0.00000000e+00]]",0.4452949050919752,2.8,shift
2025-04-23 00:30:00,2025-04-23 00:30:59,"[[-0.79485091 -0.79413626  1.27456799  1.21362361  1.25113021  1.26519288
   1.28863681  1.26519288  1.29801295  1.25581674  1.31207562  1.23237589
   1.25113021  1.27456799  1.25581674  1.27925862  1.25581674  1.30269948
   1.26519288  1.31676522  1.26988249  1.32614136  1.24175203  1.21831322
   1.25113021 -0.78825084 -0.76012038 -0.79485091 -0.79485091 -0.79485091
  -0.79485091 -0.79485091 -0.79485091 -0.79485091 -0.79485091 -0.79485091
  -0.79485091 -0.79485091 -0.79485091 -0.79485091 -0.79485091 -0.79485091
  -0.79485091 -0.79485091 -0.79485091 -0.79485091 -0.78992363 -0.79485091
  -0.79475591 -0.79478894 -0.71793033 -0.75074425 -0.7741892  -0.78825084
  -0.79762698 -0.78825084 -0.78356431 -0.77887471 -0.7741892  -0.79762698]]","[[ 0.          0.00878135  0.37580546 ...  0.11562702  0.13772877
  -0.07226155]
 [-0.00878135  0.          0.38392863 ...  0.10690012  0.1290258
  -0.08101716]
 [-0.37580546 -0.38392863  0.         ... -0.48043622 -0.49985709
  -0.30785832]
 ...
 [-0.11562702 -0.10690012  0.48043622 ...  0.          0.02227989
  -0.18710162]
 [-0.13772877 -0.1290258   0.49985709 ... -0.02227989  0.
  -0.20894161]
 [ 0.07226155  0.08101716  0.30785832 ...  0.18710162  0.20894161
   0.        ]]",0.4144710513328189,2.8,shift
2025-04-23 00:33:00,2025-04-23 00:33:59,"[[-0.79384621 -0.79384443 -0.79787095 -0.76992491 -0.82115902 -0.79384621
  -0.79303638  1.41993639  1.30349501  1.29418092  1.29883898  1.25225938
   1.24294427  1.27089163  1.24760233  1.27554969  1.29883898  1.24294427
   1.22897313  1.24294427  1.24294427  1.21499895  1.25691744  1.29883898
   1.26157346  1.30349501  1.23828824  1.22431507  1.24294427  1.25225938
  -0.79384621 -0.79384621 -0.79384621 -0.79384621 -0.79384621 -0.79384621
  -0.79384621 -0.79384621 -0.79384621 -0.79384621 -0.79384621 -0.79384621
  -0.79384621 -0.79384621 -0.79384621 -0.79384621 -0.79384621 -0.79384621
  -0.79384621 -0.79384621 -0.79384621 -0.79384621 -0.79384621 -0.79384621
  -0.79384621 -0.79371294 -0.79384621 -0.79374714 -0.68947996 -0.67550476]]","[[ 0.00000000e+00  7.21684099e-06 -1.70109991e-02 ...  4.02545348e-04
   2.65217822e-01  2.90089676e-01]
 [-7.21684099e-06  0.00000000e+00 -1.70182149e-02 ...  3.95328507e-04
   2.65210864e-01  2.90082770e-01]
 [ 1.70109991e-02  1.70182149e-02  0.00000000e+00 ...  1.74134848e-02
   2.81581256e-01  3.06327218e-01]
 ...
 [-4.02545348e-04 -3.95328507e-04 -1.74134848e-02 ...  0.00000000e+00
   2.64829671e-01  2.89704417e-01]
 [-2.65217822e-01 -2.65210864e-01 -2.81581256e-01 ... -2.64829671e-01
   0.00000000e+00  2.58878218e-02]
 [-2.90089676e-01 -2.90082770e-01 -3.06327218e-01 ... -2.89704417e-01
  -2.58878218e-02  0.00000000e+00]]",0.4103951705515488,2.8,shift
2025-04-24 00:04:00,2025-04-24 00:04:59,"[[-2.46588802e-01 -2.46588802e-01 -2.46588802e-01 -2.46588802e-01
  -2.46588802e-01 -2.46588802e-01 -2.46588802e-01 -2.46588802e-01
  -2.46588802e-01 -2.46588802e-01 -2.46513000e-01 -2.46588802e-01
  -2.46412674e-01 -4.36979267e-02 -4.41197580e-03 -1.77268441e-01
  -2.08695482e-01 -2.71551284e-01 -1.22266390e-01 -2.55835185e-01
  -1.85125631e-01 -2.55835185e-01 -1.30123580e-01 -1.85125631e-01
  -1.45839680e-01 -1.92984540e-01 -2.79405036e-01 -2.00838292e-01
  -2.95121136e-01 -1.85125631e-01 -1.92984540e-01 -2.08695482e-01
  -2.63694094e-01 -1.53693431e-01 -1.69412970e-01 -2.32265333e-01
  -1.77268441e-01 -2.47981433e-01 -2.47981433e-01 -2.47981433e-01
  -1.37980770e-01 -2.55835185e-01 -1.45839680e-01 -1.85125631e-01
  -2.40124243e-01  3.00633800e+00  6.25280024e+00  3.00633800e+00
  -2.40124243e-01 -8.29838777e-02 -2.71551284e-01 -2.46588802e-01
  -2.46588802e-01 -2.46588802e-01 -2.46588802e-01 -2.46588802e-01
  -2.46588802e-01 -2.46588802e-01 -2.46588802e-01 -2.46588802e-01]]","[[0. 0. 0. ... 0. 0. 0.]
 [0. 0. 0. ... 0. 0. 0.]
 [0. 0. 0. ... 0. 0. 0.]
 ...
 [0. 0. 0. ... 0. 0. 0.]
 [0. 0. 0. ... 0. 0. 0.]
 [0. 0. 0. ... 0. 0. 0.]]",1.0550982152564596,2.8,spike
2025-04-24 00:05:00,2025-04-24 00:05:59,"[[-0.23173506 -0.23173506 -0.23173506 -0.23173506 -0.23173506 -0.23173506
  -0.23173506 -0.23173506 -0.23173506 -0.23173506 -0.23173506 -0.23173506
  -0.23159148 -0.23173506 -0.23163337 -0.05386058 -0.17911325 -0.167183
  -0.12543298 -0.18507773 -0.19104351 -0.24471987 -0.21489749 -0.20893563
  -0.18507773 -0.22682775 -0.21489749 -0.17315008  3.03431459  6.24177927
   3.01940471 -0.20296985 -0.15525535 -0.23875409 -0.19104351 -0.24471987
  -0.18507773 -0.23875409 -0.20893563 -0.14928957 -0.23173506 -0.23173506
  -0.23173506 -0.23173506 -0.23173506 -0.23173506 -0.23173506 -0.23173506
  -0.23173506 -0.23173506 -0.23173506 -0.23173506 -0.23173506 -0.23173506
  -0.23173506 -0.23173506 -0.23173506 -0.23173506 -0.23173506 -0.23173506]]","[[0. 0. 0. ... 0. 0. 0.]
 [0. 0. 0. ... 0. 0. 0.]
 [0. 0. 0. ... 0. 0. 0.]
 ...
 [0. 0. 0. ... 0. 0. 0.]
 [0. 0. 0. ... 0. 0. 0.]
 [0. 0. 0. ... 0. 0. 0.]]",0.7862113356983401,2.8,spike
2025-04-24 00:17:00,2025-04-24 00:17:59,"[[-0.22959701 -0.22958321 -0.1489639   3.04237211  6.23370812  3.03249999
  -0.16870814 -0.18845238 -0.20161521 -0.19503379 -0.16870814 -0.16870814
  -0.20819662 -0.17528955 -0.17528955 -0.18845238 -0.18845238 -0.20819662
  -0.20819662 -0.20819662 -0.16212672 -0.16212672 -0.22959701 -0.22959701
  -0.22959701 -0.22959701 -0.22959701 -0.22959701 -0.22959701 -0.22959701
  -0.22959701 -0.22959701 -0.22959701 -0.22959701 -0.22959701 -0.22959701
  -0.22959701 -0.22959701 -0.22959701 -0.22959701 -0.22959701 -0.22959701
  -0.22959701 -0.22959701 -0.22959701 -0.22959701 -0.22959701 -0.22959701
  -0.22959701 -0.22959701 -0.22959701 -0.22959701 -0.22959701 -0.22959701
  -0.22959701 -0.22959701 -0.22959701 -0.22959701 -0.22959701 -0.22959701]]","[[ 0.          0.00292268  0.22198996 ...  0.          0.
   0.        ]
 [-0.00292268  0.          0.21913925 ... -0.00292268 -0.00292268
  -0.00292268]
 [-0.22198996 -0.21913925  0.         ... -0.22198996 -0.22198996
  -0.22198996]
 ...
 [ 0.          0.00292268  0.22198996 ...  0.          0.
   0.        ]
 [ 0.          0.00292268  0.22198996 ...  0.          0.
   0.        ]
 [ 0.          0.00292268  0.22198996 ...  0.          0.
   0.        ]]",0.8761632580304209,2.8,spike
2025-04-24 00:30:00,2025-04-24 00:30:59,"[[-0.25174862 -0.25169     0.16940738 -0.06291604 -0.1473928  -0.1825971
  -0.24595621 -0.29523483 -0.25299645  2.9906209   6.23423826  3.03990261
  -0.15443304 -0.07699344 -0.1896358  -0.24595621 -0.17555377 -0.20371783
  -0.25299645 -0.24595621 -0.21779524 -0.23187418 -0.16851199 -0.20371783
  -0.09811264 -0.25174862 -0.25174862 -0.25174862 -0.25174862 -0.25174862
  -0.25174862 -0.25174862 -0.25174862 -0.25174862 -0.25174862 -0.25174862
  -0.25174862 -0.25174862 -0.25174862 -0.25174862 -0.25174862 -0.25174862
  -0.25174862 -0.25174862 -0.25174862 -0.25174862 -0.25126822 -0.25174862
  -0.25156829 -0.2516415  -0.18587228 -0.10138935 -0.2773939  -0.17883203
  -0.29147131 -0.19291252 -0.22811066 -0.1084296  -0.15067106 -0.27035212]]","[[ 0.00000000e+00  1.10348148e-04  3.67816191e-01 ...  1.75606750e-01
   1.34889154e-01 -3.98462621e-02]
 [-1.10348148e-04  0.00000000e+00  3.67713576e-01 ...  1.75498115e-01
   1.34779813e-01 -3.99565224e-02]
 [-3.67816191e-01 -3.67713576e-01  0.00000000e+00 ... -1.98804016e-01
  -2.39021382e-01 -4.04577059e-01]
 ...
 [-1.75606750e-01 -1.75498115e-01  1.98804016e-01 ...  0.00000000e+00
  -4.12087965e-02 -2.14694354e-01]
 [-1.34889154e-01 -1.34779813e-01  2.39021382e-01 ...  4.12087965e-02
   0.00000000e+00 -1.74264123e-01]
 [ 3.98462621e-02  3.99565224e-02  4.04577059e-01 ...  2.14694354e-01
   1.74264123e-01  0.00000000e+00]]",0.9352146808089331,2.8,spike
2025-04-24 00:31:00,2025-04-24 00:31:59,"[[-2.67380336e-01 -2.67397510e-01 -1.55256130e-01 -3.18576019e-01
  -1.82477105e-01 -1.73403446e-01 -1.00815718e-02 -1.28037141e-01
   3.05561591e+00  6.23926896e+00  2.93766233e+00 -3.63944310e-01
  -2.27839439e-01 -6.45195494e-02 -1.91550763e-01 -1.18959512e-01
  -1.46182472e-01 -1.00815718e-02 -2.82287344e-01 -3.18576019e-01
  -2.27839439e-01 -2.36915082e-01 -7.35932074e-02 -2.18771737e-01
  -3.73005606e-02 -2.91357031e-01 -1.73403446e-01 -2.67380336e-01
  -2.67380336e-01 -2.67380336e-01 -2.67380336e-01 -2.67380336e-01
  -2.67380336e-01 -2.67380336e-01 -2.67380336e-01 -2.67380336e-01
  -2.67380336e-01 -2.67380336e-01 -2.67380336e-01 -2.67380336e-01
  -2.67380336e-01 -2.67380336e-01 -2.67380336e-01 -2.67380336e-01
  -2.67380336e-01 -2.67380336e-01 -2.67380336e-01 -2.67380336e-01
  -2.63440383e-01 -2.67380336e-01 -2.67227058e-01  6.25116639e-02
  -1.00791369e-03 -7.35932074e-02 -1.09883869e-01 -2.82287344e-01
  -2.36915082e-01 -2.36915082e-01 -2.82287344e-01 -1.73403446e-01]]","[[ 0.00000000e+00 -2.16675721e-05  1.14746034e-01 ...  3.58369752e-02
  -1.95816123e-02  9.87828294e-02]
 [ 2.16675721e-05  0.00000000e+00  1.14767559e-01 ...  3.58586288e-02
  -1.95599489e-02  9.88043910e-02]
 [-1.14746034e-01 -1.14767559e-01  0.00000000e+00 ... -7.90720603e-02
  -1.34176306e-01 -1.60544584e-02]
 ...
 [-3.58369752e-02 -3.58586288e-02  7.90720603e-02 ...  0.00000000e+00
  -5.53991379e-02  6.30576791e-02]
 [ 1.95816123e-02  1.95599489e-02  1.34176306e-01 ...  5.53991379e-02
   0.00000000e+00  1.18249728e-01]
 [-9.87828294e-02 -9.88043910e-02  1.60544584e-02 ... -6.30576791e-02
  -1.18249728e-01  0.00000000e+00]]",1.2241977030293596,2.8,spike
2025-04-25 00:05:00,2025-04-25 00:05:59,"[[ 0.52365745  0.52365745  0.52365745  0.52365745  0.52365745  0.52365745
   0.52365745  0.52365745  0.52365745  0.52365745  0.53006887  0.52365745
   0.52371664  0.52365745  0.52371842  0.67647578  0.63793567  0.68129461
   0.62347389  0.62829801  0.65720044  0.66201927  0.66201927  0.58493907
   0.59456617  0.60902267 -1.81084492 -1.81084492 -1.81084492 -1.81084492
  -1.81084492 -1.81084492 -1.81084492 -1.81084492 -1.81084492 -1.81084492
  -1.81084492 -1.81084492 -1.81084492 -1.81084492  0.52365745  0.52365745
   0.52367616  0.52366646  0.52367131  0.52365745  0.52365745  0.52365745
   0.52365745  0.52365745  0.52365745  0.52365745  0.52365745  0.52365745
   0.52365745  0.52365745  0.52365745  0.52365745  0.52365745  0.52365745]]","[[0. 0. 0. ... 0. 0. 0.]
 [0. 0. 0. ... 0. 0. 0.]
 [0. 0. 0. ... 0. 0. 0.]
 ...
 [0. 0. 0. ... 0. 0. 0.]
 [0. 0. 0. ... 0. 0. 0.]
 [0. 0. 0. ... 0. 0. 0.]]",0.5255205160567197,2.8,quantize
2025-04-25 00:19:00,2025-04-25 00:19:59,"[[ 0.62624331  0.62626276  0.66132219  0.62624331  0.64121998  0.63852715
   0.63583432  0.6331415   0.63044867  0.62775584  0.62549972 -1.59037788
  -1.59037788 -1.59037788 -1.59037788 -1.59037788 -1.59037788 -1.59037788
  -1.59037788 -1.59037788 -1.59037788 -1.59037788 -1.59037788 -1.59037788
  -1.59037788 -1.59037788 -1.59037788 -1.59037788  0.62624331  0.61211018
   0.62624331  0.62626107  0.62625647  0.62624331  0.62624331  0.62624331
   0.62624331  0.62624331  0.62624331  0.62624331  0.62624331  0.62624331
   0.62624331  0.62624331  0.62624331  0.62624331  0.62624331  0.65509706
   0.62624331  0.63526191  0.62624331  0.62629353  0.62629966  0.62630734
   0.62628739  0.62628892  0.62627971  0.6262659   0.62626437  0.62627204]]","[[ 0.00000000e+00  6.97326615e-05  2.47678344e-01 ...  8.10104712e-05
   7.55164011e-05  1.03036237e-04]
 [-6.97326615e-05  0.00000000e+00  2.47610784e-01 ...  1.12778097e-05
   5.78373957e-06  3.33035754e-05]
 [-2.47678344e-01 -2.47610784e-01  0.00000000e+00 ... -2.47599857e-01
  -2.47605180e-01 -2.47578517e-01]
 ...
 [-8.10104712e-05 -1.12778097e-05  2.47599857e-01 ...  0.00000000e+00
  -5.49407009e-06  2.20257658e-05]
 [-7.55164011e-05 -5.78373957e-06  2.47605180e-01 ...  5.49407009e-06
   0.00000000e+00  2.75198359e-05]
 [-1.03036237e-04 -3.33035754e-05  2.47578517e-01 ... -2.20257658e-05
  -2.75198359e-05  0.00000000e+00]]",0.45633481525358577,2.8,quantize
2025-04-25 00:31:00,2025-04-25 00:31:59,"[[ 0.7618933   0.76121251 -1.2675125  -1.2675125  -1.2675125  -1.2675125
  -1.2675125  -1.2675125  -1.2675125  -1.2675125  -1.2675125  -1.2675125
  -1.2675125  -1.2675125  -1.2675125  -1.2675125  -1.2675125  -1.2675125
  -1.2675125  -1.2675125  -1.2675125  -1.2675125  -1.2675125  -1.2675125
  -1.2675125   0.827724    0.86542554  0.7618933   0.7618933   0.76189973
   0.76191799  0.76191378  0.7618933   0.7618933   0.7618933   0.7618933
   0.7618933   0.7618933   0.7618933   0.7618933   0.7618933   0.7618933
   0.7618933   0.7618933   0.7618933   0.7618933   0.77328736  0.7618933
   0.76643701  0.7618933   0.7619463   0.76193787  0.91986494  0.81516601
   0.89473977  0.84866471  0.89473977  0.8696146   0.79840978  0.83191306]]","[[ 0.         -0.00120118 -0.51770251 ...  0.2375613   0.06835916
   0.1399226 ]
 [ 0.00120118  0.         -0.51872982 ...  0.23872792  0.06955748
   0.14111186]
 [ 0.51770251  0.51872982  0.         ...  0.2996339   0.45800608
   0.39289731]
 ...
 [-0.2375613  -0.23872792 -0.2996339  ...  0.         -0.17060338
  -0.09930731]
 [-0.06835916 -0.06955748 -0.45800608 ...  0.17060338  0.
   0.07190862]
 [-0.1399226  -0.14111186 -0.39289731 ...  0.09930731 -0.07190862
   0.        ]]",0.3554713367551381,2.8,quantize
2025-04-25 00:32:00,2025-04-25 00:32:59,"[[ 0.78562503  0.78565591 -1.26828362 -1.26828362 -1.26828362 -1.26828362
  -1.26828362 -1.26828362 -1.26828362 -1.26828362 -1.26828362 -1.26828362
  -1.26828362 -1.26828362 -1.26828362 -1.26828362 -1.26828362 -1.26828362
  -1.26828362 -1.26828362 -1.26828362 -1.26828362 -1.26828362 -1.26828362
  -1.26828362  0.78562503  0.78562503  0.78564859  0.85587006  0.81772262
   0.78562503  0.78562503  0.78562503  0.78562503  0.78562503  0.78562503
   0.78562503  0.78562503  0.78562503  0.78562503  0.78562503  0.78562503
   0.78562503  0.78562503  0.78562503  0.78562503  0.78562503  0.78562503
   0.78562503  0.78562503  0.78562503  0.78562503  0.78562503  0.78562503
   0.78562503  0.78562503  0.78562503  0.78562503  0.78562503  0.78562503]]","[[ 0.00000000e+00  8.13165057e-05 -3.57636989e-01 ...  0.00000000e+00
   0.00000000e+00  0.00000000e+00]
 [-8.13165057e-05  0.00000000e+00 -3.57561050e-01 ... -8.13165057e-05
  -8.13165057e-05 -8.13165057e-05]
 [ 3.57636989e-01  3.57561050e-01  0.00000000e+00 ...  3.57636989e-01
   3.57636989e-01  3.57636989e-01]
 ...
 [ 0.00000000e+00  8.13165057e-05 -3.57636989e-01 ...  0.00000000e+00
   0.00000000e+00  0.00000000e+00]
 [ 0.00000000e+00  8.13165057e-05 -3.57636989e-01 ...  0.00000000e+00
   0.00000000e+00  0.00000000e+00]
 [ 0.00000000e+00  8.13165057e-05 -3.57636989e-01 ...  0.00000000e+00
   0.00000000e+00  0.00000000e+00]]",0.35495956583535515,2.8,quantize
